0.180392 0.129412 0.917647
0.188235 0.121569 0.921569
0.200000 0.117647 0.925490
0.215686 0.109804 0.933333
0.227451 0.105882 0.937255
0.243137 0.101961 0.937255
0.254902 0.101961 0.941176
0.270588 0.101961 0.945098
0.286275 0.101961 0.949020
0.298039 0.105882 0.949020
0.313725 0.109804 0.952941
0.325490 0.113725 0.952941
0.341176 0.117647 0.956863
0.352941 0.121569 0.956863
0.364706 0.129412 0.960784
0.376471 0.133333 0.960784
0.388235 0.141176 0.960784
0.400000 0.145098 0.964706
0.411765 0.152941 0.964706
0.423529 0.156863 0.964706
0.435294 0.164706 0.968627
0.447059 0.168627 0.968627
0.458824 0.176471 0.972549
0.470588 0.180392 0.972549
0.478431 0.184314 0.972549
0.490196 0.192157 0.972549
0.501961 0.196078 0.976471
0.513725 0.200000 0.976471
0.521569 0.207843 0.976471
0.533333 0.211765 0.980392
0.545098 0.215686 0.980392
0.556863 0.219608 0.980392
0.568627 0.223529 0.980392
0.580392 0.227451 0.980392
0.592157 0.231373 0.980392
0.603922 0.235294 0.984314
0.615686 0.239216 0.984314
0.627451 0.239216 0.984314
0.643137 0.243137 0.984314
0.654902 0.247059 0.984314
0.666667 0.247059 0.984314
0.682353 0.250980 0.984314
0.694118 0.250980 0.984314
0.705882 0.254902 0.984314
0.717647 0.254902 0.984314
0.733333 0.258824 0.980392
0.745098 0.258824 0.980392
0.756863 0.262745 0.980392
0.772549 0.262745 0.980392
0.784314 0.266667 0.980392
0.796078 0.266667 0.980392
0.807843 0.270588 0.980392
0.819608 0.270588 0.976471
0.831373 0.274510 0.976471
0.843137 0.274510 0.976471
0.854902 0.278431 0.976471
0.866667 0.282353 0.972549
0.878431 0.286275 0.972549
0.886275 0.290196 0.968627
0.898039 0.294118 0.964706
0.905882 0.301961 0.964706
0.913725 0.309804 0.960784
0.921569 0.313725 0.956863
0.929412 0.321569 0.952941
0.937255 0.333333 0.945098
0.941176 0.341176 0.941176
0.949020 0.349020 0.933333
0.952941 0.360784 0.925490
0.956863 0.372549 0.921569
0.960784 0.384314 0.913725
0.964706 0.396078 0.901961
0.968627 0.407843 0.894118
0.968627 0.419608 0.886275
0.972549 0.431373 0.878431
0.976471 0.443137 0.866667
0.976471 0.454902 0.858824
0.976471 0.466667 0.847059
0.980392 0.478431 0.839216
0.980392 0.494118 0.827451
0.980392 0.505882 0.815686
0.984314 0.517647 0.807843
0.984314 0.529412 0.796078
0.984314 0.537255 0.784314
0.984314 0.549020 0.772549
0.984314 0.560784 0.764706
0.984314 0.572549 0.752941
0.984314 0.584314 0.741176
0.984314 0.596078 0.729412
0.984314 0.603922 0.721569
0.984314 0.615686 0.709804
0.984314 0.627451 0.698039
0.984314 0.635294 0.686275
0.984314 0.647059 0.678431
0.984314 0.658824 0.666667
0.984314 0.666667 0.654902
0.984314 0.678431 0.643137
0.984314 0.686275 0.631373
0.984314 0.698039 0.619608
0.984314 0.705882 0.611765
0.984314 0.717647 0.600000
0.984314 0.725490 0.588235
0.984314 0.733333 0.576471
0.984314 0.745098 0.564706
0.984314 0.752941 0.552941
0.984314 0.760784 0.541176
0.984314 0.768627 0.529412
0.984314 0.780392 0.517647
0.984314 0.788235 0.505882
0.984314 0.796078 0.494118
0.988235 0.803922 0.482353
0.988235 0.811765 0.466667
0.988235 0.823529 0.454902
0.988235 0.831373 0.443137
0.988235 0.839216 0.431373
0.988235 0.847059 0.415686
0.984314 0.854902 0.403922
0.984314 0.862745 0.388235
0.984314 0.870588 0.372549
0.984314 0.878431 0.360784
0.980392 0.886275 0.345098
0.980392 0.894118 0.329412
0.976471 0.898039 0.313725
0.972549 0.905882 0.298039
0.968627 0.909804 0.282353
0.964706 0.917647 0.266667
0.960784 0.921569 0.250980
0.952941 0.925490 0.235294
0.949020 0.929412 0.223529
0.941176 0.929412 0.207843
0.933333 0.933333 0.192157
0.925490 0.933333 0.180392
0.917647 0.933333 0.168627
0.909804 0.933333 0.156863
0.898039 0.933333 0.145098
0.890196 0.929412 0.133333
0.878431 0.929412 0.125490
0.866667 0.925490 0.117647
0.858824 0.921569 0.109804
0.847059 0.921569 0.105882
0.835294 0.917647 0.101961
0.823529 0.913725 0.098039
0.811765 0.909804 0.094118
0.800000 0.905882 0.090196
0.788235 0.901961 0.086275
0.776471 0.898039 0.086275
0.768627 0.894118 0.082353
0.756863 0.890196 0.082353
0.745098 0.886275 0.078431
0.733333 0.878431 0.078431
0.721569 0.874510 0.078431
0.709804 0.870588 0.074510
0.698039 0.866667 0.074510
0.686275 0.862745 0.074510
0.674510 0.858824 0.070588
0.662745 0.854902 0.070588
0.650980 0.850980 0.070588
0.639216 0.847059 0.066667
0.627451 0.843137 0.066667
0.611765 0.835294 0.066667
0.600000 0.831373 0.062745
0.588235 0.827451 0.062745
0.576471 0.823529 0.062745
0.564706 0.819608 0.058824
0.552941 0.815686 0.058824
0.541176 0.811765 0.058824
0.525490 0.807843 0.054902
0.513725 0.803922 0.054902
0.501961 0.796078 0.054902
0.490196 0.792157 0.050980
0.474510 0.788235 0.050980
0.462745 0.784314 0.050980
0.450980 0.780392 0.047059
0.435294 0.776471 0.047059
0.423529 0.772549 0.047059
0.407843 0.764706 0.047059
0.396078 0.760784 0.043137
0.380392 0.756863 0.043137
0.364706 0.752941 0.043137
0.352941 0.749020 0.047059
0.337255 0.745098 0.047059
0.321569 0.737255 0.047059
0.309804 0.733333 0.050980
0.294118 0.729412 0.054902
0.278431 0.725490 0.062745
0.266667 0.717647 0.066667
0.250980 0.713725 0.074510
0.239216 0.709804 0.086275
0.227451 0.701961 0.094118
0.219608 0.698039 0.105882
0.207843 0.694118 0.117647
0.203922 0.686275 0.129412
0.196078 0.682353 0.141176
0.192157 0.674510 0.156863
0.192157 0.670588 0.168627
0.192157 0.662745 0.184314
0.196078 0.654902 0.200000
0.200000 0.650980 0.211765
0.203922 0.643137 0.227451
0.211765 0.635294 0.243137
0.215686 0.627451 0.258824
0.223529 0.619608 0.274510
0.227451 0.615686 0.290196
0.235294 0.607843 0.301961
0.239216 0.600000 0.317647
0.243137 0.592157 0.333333
0.250980 0.584314 0.349020
0.254902 0.576471 0.360784
0.258824 0.568627 0.376471
0.262745 0.564706 0.392157
0.262745 0.556863 0.403922
0.266667 0.549020 0.419608
0.266667 0.541176 0.431373
0.270588 0.533333 0.447059
0.270588 0.525490 0.458824
0.270588 0.517647 0.474510
0.270588 0.509804 0.486275
0.266667 0.501961 0.501961
0.266667 0.498039 0.513725
0.262745 0.490196 0.525490
0.262745 0.482353 0.541176
0.258824 0.474510 0.552941
0.254902 0.466667 0.564706
0.250980 0.458824 0.580392
0.243137 0.450980 0.592157
0.239216 0.443137 0.603922
0.235294 0.435294 0.615686
0.227451 0.427451 0.627451
0.223529 0.419608 0.643137
0.215686 0.411765 0.654902
0.207843 0.403922 0.666667
0.203922 0.396078 0.678431
0.196078 0.388235 0.690196
0.192157 0.380392 0.701961
0.184314 0.372549 0.709804
0.180392 0.364706 0.721569
0.176471 0.352941 0.733333
0.172549 0.345098 0.745098
0.168627 0.333333 0.752941
0.164706 0.325490 0.764706
0.160784 0.313725 0.772549
0.156863 0.305882 0.784314
0.156863 0.294118 0.792157
0.152941 0.282353 0.803922
0.149020 0.274510 0.811765
0.149020 0.262745 0.823529
0.145098 0.250980 0.831373
0.145098 0.239216 0.839216
0.141176 0.227451 0.850980
0.141176 0.215686 0.858824
0.141176 0.203922 0.866667
0.141176 0.192157 0.874510
0.145098 0.180392 0.882353
0.149020 0.168627 0.890196
0.152941 0.160784 0.898039
0.160784 0.149020 0.905882
0.168627 0.141176 0.909804
